20
20
-1.9822|1.0312|-1.1986|O|0|5|0|0|0|0|0|0|0|0|0|0
-1.6611|1.6811|0.9699|O|0|0|0|0|0|0|0|0|0|0|0|0
-2.7136|-1.4666|0.1907|N|0|3|0|0|0|0|0|0|0|0|0|0
1.6783|-0.0209|-1.1231|N|0|0|0|0|0|0|0|0|0|0|0|0
2.8263|0.2855|0.7531|N|0|0|0|0|0|0|0|0|0|0|0|0
-1.4981|-0.6223|0.4177|C|0|0|1|0|0|0|0|0|0|0|0|0
-0.3547|-1.2556|-0.3846|C|0|0|0|0|0|0|0|0|0|0|0|0
0.9712|-0.5769|-0.1242|C|0|0|0|0|0|0|0|0|0|0|0|0
-1.7341|0.8441|0.0266|C|0|0|0|0|0|0|0|0|0|0|0|0
1.6635|-0.3942|1.0171|C|0|0|0|0|0|0|0|0|0|0|0|0
2.8046|0.4946|-0.5445|C|0|0|0|0|0|0|0|0|0|0|0|0
-1.2981|-0.6910|1.4936|H|0|0|0|0|0|0|0|0|0|0|0|0
-0.5779|-1.2341|-1.4595|H|0|0|0|0|0|0|0|0|0|0|0|0
-0.2472|-2.3136|-0.1107|H|0|0|0|0|0|0|0|0|0|0|0|0
-3.5173|-1.1094|0.7243|H|0|0|0|0|0|0|0|0|0|0|0|0
-2.5596|-2.4398|0.4868|H|0|0|0|0|0|0|0|0|0|0|0|0
-2.9852|-1.4819|-0.8016|H|0|0|0|0|0|0|0|0|0|0|0|0
1.4382|0.0165|-2.1054|H|0|0|0|0|0|0|0|0|0|0|0|0
1.4118|-0.7036|2.0210|H|0|0|0|0|0|0|0|0|0|0|0|0
3.5628|1.0066|-1.1197|H|0|0|0|0|0|0|0|0|0|0|0|0
1|9|1|0|0|0|0
2|9|2|0|0|0|0
3|6|1|0|0|0|0
3|15|1|0|0|0|0
3|16|1|0|0|0|0
3|17|1|0|0|0|0
4|8|1|0|0|0|0
4|11|1|0|0|0|0
4|18|1|0|0|0|0
5|10|1|0|0|0|0
5|11|2|0|0|0|0
6|7|1|0|0|0|0
6|9|1|0|0|0|0
6|12|1|0|0|0|0
7|8|1|0|0|0|0
7|13|1|0|0|0|0
7|14|1|0|0|0|0
8|10|2|0|0|0|0
10|19|1|0|0|0|0
11|20|1|0|0|0|0
teknas